0.2627478829886416 0.09187683574011812 2.063323278740135 2 0 510.4727783203125 318.59466552734375 1 116.52303314208984 134.88861083984375 
0.17944241565182087 -0.1502721846915748 2.231833078218085 2 0 440.8772277832031 137.92591857910156 1 191.7290802001953 332.28167724609375 
-0.25779815455752253 0.11792294869450072 2.028029535322567 2 0 122.80999755859375 340.8475341796875 1 500.9484558105469 95.89686584472656 
-0.09009995785205008 0.02242187962710096 2.1413301952820207 2 0 251.9748077392578 262.0430908203125 1 376.6973876953125 192.5291748046875 
-0.08785716454406838 0.027967923078198294 2.1359498890174238 2 0 253.53607177734375 266.34466552734375 1 375.11383056640625 187.64910888671875 
-0.259731419750361 0.10122314724265408 2.0243275138601047 2 0 120.92794036865234 328.6844482421875 1 503.42559814453125 106.55870819091797 
-0.255300437500521 0.08210974510689686 2.0218387694451785 2 0 123.96502685546875 314.54168701171875 1 501.1705017089844 119.46861267089844 
-0.2522084662005956 0.09780408783338851 2.0225975518392447 2 0 126.54603576660156 326.29083251953125 1 498.18463134765625 108.68038177490234 
-0.25562777629587957 -0.011450497401124235 2.0840056205643407 2 0 127.97471618652344 240.50343322753906 1 500.18682861328125 200.10971069335938 
-0.24678363513659407 -0.005494195318604346 2.084672978696707 2 0 135.0401611328125 244.87884521484375 1 493.8186950683594 196.25604248046875 
-0.23815281885995712 0.08060977906323359 2.018950985812292 2 0 136.63243103027344 313.68121337890625 1 488.4996032714844 120.18462371826172 
-0.23590329269503604 0.09395991574041328 2.0213751611931943 2 0 138.68609619140625 323.5254821777344 1 486.1497497558594 111.4447250366211 
-0.23207500504510123 0.07894754390795942 2.017420278654953 2 0 141.1669464111328 312.5705871582031 1 484.1660461425781 121.10780334472656 
-0.23071372079353494 0.09214528577727013 2.020204678466165 2 0 142.53602600097656 322.2740783691406 1 482.4407653808594 112.53822326660156 
-0.23665024410706922 0.0080611422179588 2.0873416714394937 2 0 142.88926696777344 254.70205688476562 1 485.71142578125 187.55770874023438 
-0.23141344605327094 -0.05332864632175946 2.093455555275348 2 0 147.7342529296875 209.37171936035156 1 484.81732177734375 232.18637084960938 
-0.22808720604489108 0.013461902874425264 2.083817047634695 2 0 148.65248107910156 258.8719482421875 1 479.13177490234375 183.19276428222656 
-0.21664155021648251 0.07819029869728006 2.0155339040115408 2 0 152.7467803955078 312.1802978515625 1 472.72039794921875 121.51815795898438 
-0.2133679832209637 0.09508671156694927 2.018200065480792 2 0 155.55165100097656 324.69482421875 1 469.4482727050781 110.34574890136719 
-0.22792255572383732 -0.07636785092778602 2.195228118797453 2 0 156.19398498535156 189.6190643310547 1 475.44622802734375 267.43524169921875 
-0.2273590657019845 -0.09675567958624978 2.1980459130733423 2 0 156.8011016845703 175.24502563476562 1 475.7748718261719 281.8828125 
-0.22575759524904115 -0.08194101877974819 2.198483214822588 2 0 158.00241088867188 185.63290405273438 1 474.02899169921875 271.85565185546875 
-0.20778837577020787 -0.04705556663042878 2.0758198451145122 2 0 162.9552001953125 214.65087890625 1 467.21826171875 224.68301391601562 
-0.20420673040160023 -0.033766938825600126 2.070767232995563 2 0 165.3597869873047 224.71728515625 1 464.3642883300781 214.2423095703125 
-0.20115958318303948 -0.04850581530748627 2.093435148761521 2 0 169.02157592773438 212.90512084960938 1 461.3366394042969 229.44541931152344 
-0.20116191050221469 -0.039606003601783304 2.0924225643370313 2 0 169.03009033203125 219.48431396484375 1 461.09197998046875 222.94479370117188 
-0.20115841691840114 -0.055285238566304504 2.0975113923662003 2 0 169.29042053222656 207.77923583984375 1 461.3959045410156 235.06028747558594 
-0.19595286861707037 -0.033690898914782906 2.08987332748739 2 0 172.8284149169922 223.947998046875 1 457.275634765625 218.3565216064453 
-0.19595286861707037 -0.033690898914782906 2.08987332748739 2 0 172.8284149169922 223.947998046875 1 457.275634765625 218.3565216064453 
-0.19409874826329804 -0.0435876739798408 2.091135769884521 2 0 174.11607360839844 216.61727905273438 1 456.0986328125 225.6549072265625 
-0.18023276988735204 0.07091238260131096 2.011654044708762 2 0 180.12290954589844 307.0455017089844 1 445.7707214355469 126.53810119628906 
-0.17979987096275352 0.05535228063802685 2.0087519870704034 2 0 180.1985626220703 295.4839782714844 1 446.1622314453125 136.90675354003906 
-0.17911824581032312 0.04697058821562579 2.0159902511214605 2 0 181.25390625 288.5638732910156 1 445.7147521972656 144.71324157714844 
-0.18504954033209334 -0.11670271191872171 2.182998582582059 2 0 185.58421325683594 161.4664306640625 1 447.28564453125 293.9940490722656 
-0.17483416583245642 0.006252801012070107 2.0776555864115487 2 0 187.9520263671875 253.99842834472656 1 440.9846496582031 188.07101440429688 
-0.17870627353280455 -0.07899487151536386 2.1897317464503065 2 0 190.62823486328125 187.96665954589844 1 441.2171630859375 269.2979431152344 
-0.16386662406313146 0.058816181051216845 2.021860561425341 2 0 193.19651794433594 297.06927490234375 1 433.48516845703125 138.08670043945312 
-0.16123747158384352 0.05936278780659639 2.0188067874856563 2 0 194.35252380371094 297.7066650390625 1 430.9447021484375 137.0028839111328 
-0.1708231308892899 -0.09895462567117125 2.186370071660975 2 0 195.8238983154297 173.97225952148438 1 436.3409729003906 282.59478759765625 
-0.1708231308892899 -0.09895462567117125 2.186370071660975 2 0 195.8238983154297 173.97225952148438 1 436.3409729003906 282.59478759765625 
-0.1620308843535256 0.02159058201538498 2.13928484977362 2 0 196.16122436523438 261.35296630859375 1 424.02288818359375 191.1324005126953 
-0.16835215277307436 -0.07602992037361693 2.1887679478851925 2 0 197.75836181640625 190.08438110351562 1 433.7116394042969 267.3169250488281 
-0.16865721742548867 -0.06534591465058917 2.2019949290795418 2 0 198.078125 197.2101593017578 1 432.86590576171875 262.3697509765625 
-0.15165122524057031 0.0679482661292913 2.0175235193756382 2 0 202.21331787109375 304.3318176269531 1 424.11212158203125 130.79904174804688 
-0.1569616720302596 -0.1073940861900306 2.208165532095343 2 0 206.3500518798828 167.66957092285156 1 425.70281982421875 292.3337097167969 
-0.15361363802983136 -0.12020855106233648 2.2187306086434986 2 0 209.24063110351562 158.58651733398438 1 423.48309326171875 302.87725830078125 
-0.1418276012504006 0.02771189089362445 2.1408449692161784 2 0 214.78323364257812 265.80206298828125 1 413.38751220703125 187.70138549804688 
-0.13652909011874576 0.034193141189821086 2.137625377734509 2 0 218.5032196044922 270.6452941894531 1 409.5425720214844 182.71151733398438 
-0.138200888690235 0.014123503071941431 2.249705545083875 2 0 221.51052856445312 250.14707946777344 1 407.7328186035156 218.86178588867188 
-0.13489093084323925 -0.12906597125068278 2.261494933826546 2 0 222.1759796142578 152.00091552734375 1 407.64117431640625 315.91302490234375 
-0.1338508853603419 -0.10467280285669943 2.2302660902244744 2 0 223.5082550048828 169.23643493652344 1 408.8398742675781 294.56695556640625 
-0.12921444634253967 0.028312994002087317 2.1395460737995005 2 0 223.90652465820312 266.328369140625 1 404.5309143066406 187.2867431640625 
-0.11900609438906909 0.059350602209706824 2.0145632826291857 2 0 227.03448486328125 298.1118469238281 1 400.07989501953125 136.9244384765625 
-0.124766840474238 -0.05398111276022358 2.255454811981843 2 0 230.03248596191406 203.46420288085938 1 399.6507263183594 265.00177001953125 
-0.11829337192799223 0.027702253949262366 2.1385958508389735 2 0 231.84609985351562 265.9652404785156 1 396.9129333496094 187.73538208007812 
-0.12158660762515264 -0.09708254331494863 2.2300665562976496 2 0 231.96730041503906 174.50503540039062 1 400.0464782714844 289.6488037109375 
-0.1203190753841421 -0.08779055062997008 2.2356043479151575 2 0 232.97308349609375 180.81378173828125 1 398.6814880371094 284.3177185058594 
-0.10457889258012415 0.040025546395566054 2.1332554651799764 2 0 241.23912048339844 275.1332702636719 1 386.570556640625 178.4868621826172 
-0.26603216938856145 0.06749511606102886 2.0184516808637465 2 0 115.29804992675781 303.7959289550781 1 510.03228759765625 128.70068359375 
-0.09479982675318831 0.07724497731556629 2.009683731972374 2 0 245.22332763671875 312.1011962890625 1 381.3044738769531 123.52320098876953 
-0.09434617855899373 0.06757679280020575 2.0111418970373216 2 0 245.5722198486328 304.6469421386719 1 381.18804931640625 130.78030395507812 
-0.09704325445514214 0.02046421792593632 2.1442520546662465 2 0 247.04319763183594 260.4629821777344 1 381.6210632324219 194.33035278320312 
-0.08245099234908217 0.11203096328186593 1.928453797359456 2 0 248.736572265625 346.9033203125 1 368.44561767578125 76.67366027832031 
-0.09350602774630316 0.0333343291985087 2.1343042497425566 2 0 249.3661651611328 270.2853698730469 1 378.9621887207031 183.51319885253906 
-0.09350602774630316 0.0333343291985087 2.1343042497425566 2 0 249.3661651611328 270.2853698730469 1 378.9621887207031 183.51319885253906 
-0.08910093586512013 0.05999822066232672 2.012704140145282 2 0 249.65811157226562 298.7804870605469 1 377.47845458984375 136.69288635253906 
-0.09237107014107161 0.03863584868165529 2.1327088349867713 2 0 250.12515258789062 274.18878173828125 1 378.0121154785156 179.57907104492188 
-0.08785716454406838 0.027967923078198294 2.1359498890174238 2 0 253.53607177734375 266.34466552734375 1 375.11383056640625 187.64910888671875 
-0.08393159970289552 0.06751958210416481 2.009850636260295 2 0 253.5537567138672 304.7257995605469 1 373.44024658203125 130.73577880859375 
-0.08393159970289552 0.06751958210416481 2.009850636260295 2 0 253.5537567138672 304.7257995605469 1 373.44024658203125 130.73577880859375 
-0.07591287915420265 0.03963301826250393 2.1298908844446105 2 0 261.9815368652344 275.1080017089844 1 366.32403564453125 178.64218139648438 
-0.07690539471506148 -0.08731612059921609 2.230370712183117 2 0 262.8576965332031 181.29751586914062 1 368.6710510253906 284.0221252441406 
-0.07198750445250628 0.03609617006585864 2.129208867755418 2 0 264.7227478027344 272.6153869628906 1 363.5401306152344 180.99185180664062 
-0.06441082909238176 -0.10005797479224911 2.2227903742861037 2 0 271.3592224121094 172.62937927246094 1 360.3580017089844 291.6522521972656 
-0.06441082909238176 -0.10005797479224911 2.2227903742861037 2 0 271.3592224121094 172.62937927246094 1 360.3580017089844 291.6522521972656 
-0.06000785530843692 0.050456610234430245 2.0135896201044914 2 0 271.7467956542969 291.50469970703125 1 355.7059631347656 144.3960723876953 
-0.06195003210607717 0.03368700311206362 2.1361323268433985 2 0 272.0439147949219 270.4488830566406 1 356.3337097167969 184.3549041748047 
-0.05775937699181958 0.027312409369052902 2.1347376304757453 2 0 274.9040832519531 265.9709777832031 1 353.3746337890625 188.4922637939453 
-0.05659783242539041 0.03711355587240094 2.131267047385562 2 0 275.8995056152344 273.2269592285156 1 352.535888671875 181.08164978027344 
-0.0553232643274693 0.011262569678165888 2.240155373316603 2 0 277.8322448730469 248.75784301757812 1 351.237548828125 220.61839294433594 
-0.05082204797323626 0.03416424295275237 2.1280723308414333 2 0 279.98236083984375 271.3219299316406 1 348.4499206542969 182.52549743652344 
-0.04808149802596428 0.0391754167948706 2.124934262370351 2 0 281.9294738769531 275.1334228515625 1 346.38446044921875 178.47642517089844 
-0.037939524808320454 0.058435493317228394 2.0068613541407565 2 0 288.5345764160156 298.12164306640625 1 338.9136047363281 137.53404235839844 
-0.035735893099139465 0.02999569997689754 2.1257914822222324 2 0 290.7397155761719 268.4820251464844 1 337.6225891113281 185.2110137939453 
-0.02613052987519569 0.029971421511357843 2.1244071583590336 2 0 297.93927001953125 268.5690612792969 1 330.9960021972656 185.136474609375 
-0.02442750831891224 0.06707945297514642 2.002048915830653 2 0 298.8313293457031 305.1119689941406 1 328.4823913574219 130.45643615722656 
-0.02442750831891224 0.06707945297514642 2.002048915830653 2 0 298.8313293457031 305.1119689941406 1 328.4823913574219 130.45643615722656 
-0.01647015481165768 0.030390351732915048 2.12351493397486 2 0 304.7580871582031 268.93218994140625 1 323.88397216796875 184.86801147460938 
-0.01375570171238509 0.03918615199424371 2.1222193932583613 2 0 306.64007568359375 275.352294921875 1 321.670654296875 178.62452697753906 
-0.014242439291799138 0.07141531891940583 2.002405375427461 2 0 306.72308349609375 308.393798828125 1 320.78936767578125 127.68894958496094 
-0.014242439291799138 0.07141531891940583 2.002405375427461 2 0 306.72308349609375 308.393798828125 1 320.78936767578125 127.68894958496094 
-0.01136148238252147 0.05625325841212697 2.0071452057500117 2 0 308.8238220214844 296.4658508300781 1 318.8658447265625 139.78408813476562 
-0.0011209425728912626 0.0549628628821052 2.0058085542333655 2 0 316.51214599609375 295.5992431640625 1 310.99322509765625 140.61236572265625 
0.0025941621982753147 0.037824878952869026 2.1223224586398097 2 0 318.4591369628906 274.3803405761719 1 309.95965576171875 179.93609619140625 
0.005786387902257924 -0.09559245543215819 2.2189093132619773 2 0 320.2057800292969 175.8761749267578 1 311.35064697265625 289.43328857421875 
0.008857652289934407 -0.11535921322256476 2.2151968322546884 2 0 322.38238525390625 162.17227172851562 1 309.5099792480469 302.36004638671875 
0.008509641029974143 0.03839025449543195 2.1215512726177352 2 0 322.82647705078125 274.84661865234375 1 305.7775573730469 179.5094757080078 
0.009305605098308219 0.025229728128980656 2.12265712545838 2 0 323.2712707519531 265.2889404296875 1 305.3241882324219 188.78469848632812 
0.012987461512015469 0.03390531125380137 2.119459846033743 2 0 326.05450439453125 271.7543640136719 1 302.572021484375 182.22164916992188 
0.015285424680625135 0.02985185169146919 2.119917947774189 2 0 327.6348876953125 268.80059814453125 1 300.9146728515625 185.1519775390625 
0.015285424680625135 0.02985185169146919 2.119917947774189 2 0 327.6348876953125 268.80059814453125 1 300.9146728515625 185.1519775390625 
0.01847800022799263 0.03875590299812743 2.117817434951999 2 0 329.9761657714844 275.3664245605469 1 298.44403076171875 178.6577911376953 
0.026860502418208115 -0.0004395562477425924 2.236732431946825 2 0 334.3272705078125 240.99124145507812 1 295.2541809082031 229.3607635498047 
0.030237462334835305 -0.10353843633955843 2.2151120491019656 2 0 337.07061767578125 170.43199157714844 1 294.1363525390625 294.7230224609375 
0.026205728655729406 0.06548367163244535 1.9973191341517937 2 0 337.5423889160156 304.34625244140625 1 289.98468017578125 131.5787811279297 
0.03529290456102037 0.05573868353245184 2.001857732752933 2 0 344.5203857421875 296.54827880859375 1 283.4527587890625 139.9180145263672 
0.04028678747456171 0.05826424917932299 1.9987967673403406 2 0 348.4466247558594 298.7303771972656 1 279.588134765625 137.45570373535156 
0.05104101294345509 0.00870461446249686 2.228833112983403 2 0 351.186767578125 247.68719482421875 1 278.45550537109375 222.3351287841797 
0.04753856139876483 0.06487544802532244 1.9977747271225652 2 0 354.11865234375 303.8694763183594 1 274.0638427734375 132.62892150878906 
0.06422826114664729 -0.00219269170160336 2.2321583434037215 2 0 360.0218811035156 240.0398406982422 1 269.4444274902344 230.43043518066406 
0.059350795538621805 0.05980763235618191 1.996541172537377 2 0 363.1940612792969 300.11566162109375 1 265.1080627441406 136.2257080078125 
0.0642876023918971 0.06618902325441518 1.9928005989073112 2 0 366.99603271484375 305.3119812011719 1 261.0539855957031 130.81326293945312 
0.07404112272639979 -0.0966267280522833 2.213851683494373 2 0 367.7299499511719 175.31829833984375 1 263.4856262207031 290.716552734375 
0.06563512446146703 0.05575794899277326 1.9963433331410052 2 0 368.0816955566406 297.0457763671875 1 260.4346618652344 139.23004150390625 
0.06834819022812724 0.06121924975115156 1.9941949258911313 2 0 370.0769348144531 301.39727783203125 1 258.0791015625 134.8299102783203 
0.06834819022812724 0.06121924975115156 1.9941949258911313 2 0 370.0769348144531 301.39727783203125 1 258.0791015625 134.8299102783203 
0.07886037665095212 0.03874324983720217 2.109698388877615 2 0 374.0364990234375 275.9615478515625 1 254.78802490234375 178.2027587890625 
0.08492189461889875 -0.09146819509985293 2.216252616634798 2 0 375.1782531738281 178.87303161621094 1 255.8610382080078 287.8313293457031 
0.08523849509173081 -0.10444020470825888 2.2109830296447273 2 0 375.5941162109375 169.9285430908203 1 255.59066772460938 295.80517578125 
0.08150888462466742 0.024941830034698843 2.1128473078712005 2 0 376.0293273925781 265.7663879394531 1 253.29400634765625 188.44679260253906 
0.08692676709215508 -0.1478855743448369 2.2160477510223 2 0 376.11572265625 139.5183563232422 1 254.4886474609375 326.4150695800781 
0.0833398426633055 0.03074136511586092 2.1110029025738917 2 0 377.1685485839844 270.0808410644531 1 251.59542846679688 184.09266662597656 
0.08885220864146379 -0.1326700679547872 2.2151443173369767 2 0 377.9399108886719 150.16432189941406 1 253.4178009033203 315.8594055175781 
0.08885220864146379 -0.1326700679547872 2.2151443173369767 2 0 377.9399108886719 150.16432189941406 1 253.4178009033203 315.8594055175781 
0.08908068802334146 -0.11088857683784614 2.209706121344841 2 0 378.2313537597656 165.44508361816406 1 252.81863403320312 300.08502197265625 
0.09085566100953267 -0.0024710681368165124 2.2317260185345797 2 0 378.51812744140625 239.8968505859375 1 251.304443359375 231.08290100097656 
0.08912104604598067 0.018956629505286662 2.117106464329721 2 0 381.3097839355469 261.17913818359375 1 247.9283905029297 193.65216064453125 
0.05214131373591689 -0.11424380317347353 2.222839497016203 2 0 351.9168395996094 162.87747192382812 1 278.8979797363281 303.7099304199219 
0.09510299635023035 -0.13272731901558313 2.2158603563992947 2 0 382.7557678222656 150.13465881347656 1 249.53851318359375 316.13714599609375 
0.08485235167079512 0.0564361465306549 1.9747806048981351 2 0 383.7138366699219 299.3708190917969 1 244.91555786132812 133.71896362304688 
0.09907737647845405 -0.013664028308199124 2.2352267588593056 2 0 384.10980224609375 232.05491638183594 1 245.93585205078125 239.2999725341797 
0.09841914444897493 -0.12209154764854033 2.202729643494603 2 0 385.0786437988281 157.7002410888672 1 246.13690185546875 306.84930419921875 
0.09841914444897493 -0.12209154764854033 2.202729643494603 2 0 385.0786437988281 157.7002410888672 1 246.13690185546875 306.84930419921875 
0.08879615106760341 0.049948548777517636 1.974219848668201 2 0 386.77508544921875 294.40875244140625 1 241.8910675048828 138.37673950195312 
0.09152369221254918 0.11283364616991821 1.994796543801339 2 0 388.4467468261719 340.7567443847656 1 240.75352478027344 98.72924041748047 
0.1048990104672757 -0.10157885998478244 2.208910299359852 2 0 389.3226013183594 171.9813690185547 1 241.63552856445312 293.9215087890625 
0.1072082637277428 -0.13776731237877402 2.2008518675292565 2 0 391.4640808105469 146.7166290283203 1 240.11387634277344 317.5467224121094 
0.1072294461227408 -0.126800596319737 2.192170174879014 2 0 391.81396484375 154.51145935058594 1 239.6381072998047 308.60589599609375 
0.112494677723208 -0.12244965064413219 2.193835801336189 2 0 395.42626953125 157.5659637451172 1 235.93101501464844 305.9737548828125 
0.12205252349796655 -0.11145490022992384 2.193562269199458 2 0 402.16583251953125 165.3243408203125 1 229.1038360595703 298.5466613769531 
0.12377528771705222 -0.15443995677145658 2.221432239204775 2 0 402.25189208984375 134.98178100585938 1 229.5575408935547 332.47979736328125 
0.11951229516501369 0.017589025889264653 2.0935228657056593 2 0 404.4938659667969 261.6492614746094 1 224.8689727783203 190.18235778808594 
0.11951229516501369 0.017589025889264653 2.0935228657056593 2 0 404.4938659667969 261.6492614746094 1 224.8689727783203 190.18235778808594 
0.12631355827805654 -0.07688565464858671 2.202093575989219 2 0 404.71563720703125 189.42330932617188 1 226.30783081054688 276.39324951171875 
0.11613140043571361 0.09392969555695234 2.0058452389182206 2 0 405.2281799316406 325.2904052734375 1 221.34039306640625 115.6148681640625 
0.11685630610837444 0.03797371273284905 2.011601895034762 2 0 406.6158447265625 282.3620910644531 1 222.47312927246094 156.94252014160156 
0.1226119741178975 0.033582709167896296 2.021745983972859 2 0 410.1873779296875 278.2982177734375 1 218.4318389892578 162.64822387695312 
0.12206070290518935 0.04797577264557031 2.0129080068026615 2 0 410.42767333984375 289.8564758300781 1 218.49790954589844 150.2222137451172 
0.136036373521545 -0.15046317563145292 2.2154611774665547 2 0 410.4993896484375 137.7710723876953 1 220.06846618652344 329.11431884765625 
0.12359003140365293 0.03798853513172934 2.011756044425707 2 0 411.6858825683594 282.3676452636719 1 217.34397888183594 157.1251220703125 
0.13807066948187469 -0.05116334308665331 2.203898007039845 2 0 412.5843505859375 207.3557586669922 1 217.8128204345703 259.50933837890625 
0.13807066948187469 -0.05116334308665331 2.203898007039845 2 0 412.5843505859375 207.3557586669922 1 217.8128204345703 259.50933837890625 
0.14338952770928406 -0.05062839883742584 2.189479048853638 2 0 417.4627380371094 208.23484802246094 1 213.73422241210938 256.6727600097656 
0.13499368690081717 0.0874099986371539 2.0146333926604694 2 0 420.012451171875 319.5670471191406 1 208.62916564941406 122.93128204345703 
0.13758304932689316 0.04842140034271692 2.0104519661658915 2 0 422.38238525390625 290.4006652832031 1 206.6431121826172 149.66302490234375 
0.142380254768835 0.09370241245624779 2.0106010086583153 2 0 425.8555603027344 324.7076721191406 1 202.82713317871094 117.61917114257812 
0.14414722861712415 0.06640173681404869 2.0142742536158886 2 0 427.04302978515625 303.7237854003906 1 201.81820678710938 137.94082641601562 
0.14495734550512293 0.08529349113877005 2.0117445257416593 2 0 427.82708740234375 318.2425537109375 1 201.053466796875 123.92106628417969 
0.15060770018613534 0.07743140613081197 2.009464473280514 2 0 432.3518371582031 312.50091552734375 1 196.74388122558594 129.0460662841797 
0.07684276118552097 0.07757237606991858 1.9821066169946437 2 0 377.0615539550781 314.9978332519531 1 251.0042266845703 120.17188262939453 
0.1519562460710842 0.053284746247631895 2.010006079481657 2 0 433.33685302734375 294.141357421875 1 195.7461700439453 146.4107208251953 
0.15636821040266952 0.07926268456074459 2.008472887927517 2 0 437.1233215332031 313.98785400390625 1 192.6713104248047 127.62789154052734 
0.15873434277406034 0.08386500202168265 2.0087559902563625 2 0 438.6014099121094 317.4485168457031 1 190.60806274414062 124.48932647705078 
0.17233749512899527 0.025669027512615995 2.0599762488782 2 0 445.69781494140625 269.7937316894531 1 184.28665161132812 178.2622833251953 
0.17354470337824066 0.041618218621597446 2.052573448059826 2 0 446.8809814453125 282.1592102050781 1 182.67417907714844 165.36451721191406 
0.1875699284855661 -0.021681897974871852 2.2012875360898922 2 0 447.12347412109375 228.07281494140625 1 182.93975830078125 240.20465087890625 
0.1875699284855661 -0.021681897974871852 2.2012875360898922 2 0 447.12347412109375 228.07281494140625 1 182.93975830078125 240.20465087890625 
0.17753752208680018 0.03857341047346648 2.051409340172581 2 0 449.8924255371094 279.979248046875 1 179.5720672607422 167.3279571533203 
0.19508590029080194 -0.14405400392321602 2.224848909442497 2 0 451.6827697753906 142.27867126464844 1 179.86807250976562 327.31732177734375 
0.1806369584933085 0.030945132817984475 2.050246415278504 2 0 452.34759521484375 274.3801574707031 1 177.21926879882812 172.50979614257812 
0.19645711419626863 -0.11976341240273196 2.186048038820571 2 0 454.946044921875 159.63653564453125 1 175.9034881591797 304.62420654296875 
0.18417847550499047 0.0499838157712592 2.039541419671994 2 0 455.73162841796875 289.3807373046875 1 173.79843139648438 156.64419555664062 
0.19934748666930094 -0.12411214926347365 2.186426624557443 2 0 457.0517272949219 156.5614013671875 1 173.956298828125 307.7570495605469 
0.18920964521605438 0.04761957889722647 2.039348637493946 2 0 459.51715087890625 287.6304931640625 1 170.02304077148438 158.38272094726562 
0.1920960739734667 0.022921247312917923 2.040062815644001 2 0 461.7756042480469 269.0820617675781 1 167.9536895751953 176.1151885986328 
0.19531830052515142 0.054623760034079726 2.0397181666965074 2 0 463.64544677734375 292.8441162109375 1 165.1105194091797 153.66661071777344 
0.20023707586137604 0.06945081371794451 2.040121398556093 2 0 467.8994140625 303.90850830078125 1 162.18040466308594 143.444580078125 
0.20110209125594827 0.056105986182895966 2.0408660726640964 2 0 468.3188171386719 293.8736572265625 1 161.3450927734375 153.02923583984375 
0.2029134363585806 0.082161103279056 2.0419450737865565 2 0 468.7285461425781 313.2303466796875 1 159.3815460205078 135.0437774658203 
0.21665638548891183 -0.11542801967944599 2.188135712199486 2 0 469.1222839355469 162.6934814453125 1 161.84222412109375 302.3851318359375 
0.21975853636999107 -0.07500659780390427 2.1960747298457948 2 0 470.41314697265625 190.98504638671875 1 160.22154235839844 276.03082275390625 
0.2036004142084635 0.027280003564856322 2.0361614015435605 2 0 470.7613220214844 272.6268310546875 1 159.0958251953125 172.37953186035156 
0.22192413893367607 -0.06473715895473925 2.1974844868830186 2 0 471.739013671875 198.14730834960938 1 158.78961181640625 269.3289794921875 
0.22452229394611592 -0.0690395914120056 2.1966635422718537 2 0 473.72381591796875 195.15904235839844 1 156.97634887695312 272.1670837402344 
0.20855745848897225 0.04869702647834858 2.0440204404836493 2 0 473.76153564453125 288.1031799316406 1 156.1363067626953 159.16952514648438 
0.22508785520576202 -0.05047773553250971 2.195902803030149 2 0 473.9252014160156 208.19000244140625 1 156.3846893310547 259.4368896484375 
0.20965000969239492 0.06454667225868024 2.04150516738959 2 0 474.63592529296875 300.137451171875 1 155.07040405273438 147.43951416015625 
0.21044520267813474 0.026086395050211368 2.0410649070844302 2 0 475.43109130859375 271.40423583984375 1 154.3250732421875 174.51510620117188 
0.2252687139699148 -0.016510824063764827 2.1738948167740806 2 0 476.7607116699219 232.97195434570312 1 155.7055206298828 232.3341522216797 
0.23077163926158242 -0.02932972782279452 2.196704819184559 2 0 477.8697814941406 222.9676055908203 1 152.64486694335938 245.4062957763672 
0.23168373847225027 -0.03758335581821182 2.1966488188172932 2 0 478.42535400390625 217.19622802734375 1 151.85655212402344 250.9844970703125 
0.2306594346338506 -0.09206273794079076 2.1895735762993267 2 0 478.4861145019531 179.15782165527344 1 151.82107543945312 286.8233337402344 
0.23183937325277343 -0.06498399526062887 2.1961753926428615 2 0 478.7383728027344 198.02215576171875 1 151.67843627929688 269.4754638671875 
0.21533461509872787 0.02186072022982181 2.046186161380363 2 0 478.8719177246094 267.9078369140625 1 151.30380249023438 178.79600524902344 
0.21533461509872787 0.02186072022982181 2.046186161380363 2 0 478.8719177246094 267.9078369140625 1 151.30380249023438 178.79600524902344 
0.22489196951700355 -0.0038876101074218194 2.133181725892583 2 0 478.90118408203125 243.94496154785156 1 151.84149169921875 215.67665100097656 
0.2316665495633944 -0.11225575356903651 2.1839686050338902 2 0 480.00274658203125 165.0093536376953 1 150.85244750976562 299.8311462402344 
0.2191778782483368 0.061310383072945014 2.0431102993469024 2 0 481.59112548828125 297.5998229980469 1 148.07083129882812 150.31735229492188 
0.2383159599107879 -0.02327552950066074 2.197822270589737 2 0 482.8634033203125 227.15744018554688 1 147.3214874267578 241.69337463378906 
0.2383159599107879 -0.02327552950066074 2.197822270589737 2 0 482.8634033203125 227.15744018554688 1 147.3214874267578 241.69337463378906 
0.23094853050256176 -0.0055445284600245445 2.1325798162786587 2 0 482.9625244140625 242.78692626953125 1 147.08616638183594 216.8252716064453 
0.23850106817395758 -0.03866991007804772 2.1990894720101926 2 0 483.03521728515625 216.3500213623047 1 147.32290649414062 252.3042449951172 
0.2232861569565729 0.02030881715491381 2.0527824471778606 2 0 484.0789794921875 266.3250427246094 1 145.7947998046875 181.5694122314453 
0.24346090337112566 -0.016698357648879673 2.181515297314007 2 0 487.41485595703125 232.49041748046875 1 141.9810333251953 234.2986297607422 
0.24687634641208184 -0.023534442361586288 2.1943327825139636 2 0 489.1828308105469 227.13455200195312 1 141.08700561523438 241.39820861816406 
0.23345742057200286 0.01215311567736367 2.068670463400162 2 0 490.40289306640625 259.2821960449219 1 139.80702209472656 191.0906982421875 
0.23345742057200286 0.01215311567736367 2.068670463400162 2 0 490.40289306640625 259.2821960449219 1 139.80702209472656 191.0906982421875 
0.24949128371163906 -0.11817366070217239 2.1773909343720623 2 0 493.0986022949219 160.9251708984375 1 137.50743103027344 303.2380676269531 
0.2390926894271678 0.013717536485953469 2.0678036579800265 2 0 494.57421875 260.4976806640625 1 135.5030517578125 189.92489624023438 
0.25722208903441246 -0.04305778168030313 2.2064841914539843 2 0 495.250732421875 213.02830505371094 1 134.6332550048828 256.9839782714844 
0.24988816548950676 0.030783777346766603 2.0802124358420753 2 0 501.2832946777344 272.2986755371094 1 128.82723999023438 180.95993041992188 
0.2523499073303875 -6.194299743977684e-06 2.0930226150915203 2 0 502.088134765625 248.93646240234375 1 128.11886596679688 205.2827606201172 
0.2656767414024667 -0.026665143338876995 2.185298638722518 2 0 503.17431640625 225.341796875 1 127.08910369873047 242.22349548339844 
0.2571917981555556 0.04533284335859934 2.089663030657152 2 0 505.61004638671875 282.3160095214844 1 124.44794464111328 173.1334228515625 
0.2585130723150774 0.03605830779815018 2.0928058088066925 2 0 506.3026123046875 275.3231506347656 1 123.7106704711914 180.28384399414062 
0.2608172225640411 0.029249309209042684 2.093141910043677 2 0 508.0541687011719 270.33038330078125 1 122.08438873291016 185.1282196044922 
0.2734969674283184 -0.02603205951424629 2.1856775957341585 2 0 508.1431579589844 225.77377319335938 1 121.14937591552734 242.02899169921875 
0.2617144759205867 0.04155992129681242 2.089736057140381 2 0 508.932861328125 279.55731201171875 1 121.13713073730469 175.86154174804688 
0.26643489763408035 0.018323568708576734 2.086014035250495 2 0 513.0703125 262.79351806640625 1 117.33468627929688 191.29510498046875 
0.2668190466446108 0.0009561324372624326 2.089226245947803 2 0 513.1629028320312 249.86737060546875 1 117.2828140258789 204.12747192382812 
0.27191917496971607 0.05488513325781531 2.088730011839156 2 0 516.3684692382812 289.3778991699219 1 113.65185546875 166.64724731445312 
0.28338547811968334 -0.09672741655557389 2.1744160204556615 2 0 517.0994262695312 176.22528076171875 1 113.07527923583984 288.5975036621094 
0.2742661377754588 0.06182182321696559 2.089539202036193 2 0 517.9240112304688 294.3848571777344 1 112.04531860351562 162.09999084472656 
0.27594188140534565 0.05006968120205745 2.0877134865658653 2 0 519.6668701171875 285.9383239746094 1 110.80621337890625 169.8338623046875 
0.29488010801690107 -0.09023000443866716 2.17478757853548 2 0 525.327392578125 180.83895874023438 1 105.16040802001953 284.41351318359375 
0.28619741919305075 0.08408516715948455 2.0945912508907276 2 0 526.097412109375 310.2113037109375 1 104.24163818359375 148.25747680664062 
0.28778620959650036 0.016366362454280907 2.086719883382806 2 0 528.6941528320312 261.3349609375 1 101.80030822753906 193.2876739501953 
0.3023091310993956 -0.022278086564206493 2.1849114257331315 2 0 528.9186401367188 228.47564697265625 1 101.36343383789062 239.9543914794922 
0.2915940211366633 0.06890068531996421 2.0918909506784957 2 0 530.3115234375 299.3815002441406 1 99.79937744140625 158.155517578125 
0.2968226003449109 0.05620171097178663 2.0868759112739736 2 0 534.8499755859375 290.5029296875 1 95.417236328125 165.86891174316406 
0.3009341486012915 0.037165072279352646 2.080288784471405 2 0 538.8995971679688 277.0312194824219 1 91.65961456298828 177.6699676513672 
0.32350601189766415 -0.07086452279902682 2.1732196073407564 2 0 545.6444091796875 194.63507080078125 1 84.87486267089844 271.4051208496094 
0.32789406953688677 -0.024886037014042038 2.1815551157309385 2 0 547.3685913085938 226.81201171875 1 83.09154510498047 241.63003540039062 
0.334480999511093 -0.059045505963876845 2.1730557835972406 2 0 553.2862548828125 203.0233154296875 1 77.15338134765625 263.49365234375 
0.3371499063252365 -0.02577137367521569 2.179240746934015 2 0 554.2037353515625 226.2969512939453 1 76.36011505126953 241.99253845214844 
0.34634701853452465 -0.0558730859756504 2.1719389914594474 2 0 561.8486328125 205.31866455078125 1 68.7175064086914 261.3699645996094 
-0.005333253063055031 -0.8834035560260948 -0.4094288930289665 2 2 485.82177734375 243.21627807617188 1 155.42698669433594 220.1562957763672 
-0.005333253063055031 -0.8834035560260948 -0.4094288930289665 2 2 485.82177734375 243.21627807617188 1 155.42698669433594 220.1562957763672 
-0.005333253063055031 -0.8834035560260948 -0.4094288930289665 2 2 485.82177734375 243.21627807617188 1 155.42698669433594 220.1562957763672 
-0.005333253063055031 -0.8834035560260948 -0.4094288930289665 2 2 485.82177734375 243.21627807617188 1 155.42698669433594 220.1562957763672 
-0.005333253063055031 -0.8834035560260948 -0.4094288930289665 2 2 485.82177734375 243.21627807617188 1 155.42698669433594 220.1562957763672 
-0.005333253063055031 -0.8834035560260948 -0.4094288930289665 2 2 485.82177734375 243.21627807617188 1 155.42698669433594 220.1562957763672 
-0.005333253063055031 -0.8834035560260948 -0.4094288930289665 2 2 485.82177734375 243.21627807617188 1 155.42698669433594 220.1562957763672 
-0.00424740276424106 -0.19041403952692534 -0.16947005433488965 2 2 121.05307006835938 248.1348876953125 0 126.51960754394531 312.92974853515625 
-0.00424740276424106 -0.19041403952692534 -0.16947005433488965 2 2 121.05307006835938 248.1348876953125 0 126.51960754394531 312.92974853515625 
-0.00424740276424106 -0.19041403952692534 -0.16947005433488965 2 2 121.05307006835938 248.1348876953125 0 126.51960754394531 312.92974853515625 
-0.00424740276424106 -0.19041403952692534 -0.16947005433488965 2 2 121.05307006835938 248.1348876953125 0 126.51960754394531 312.92974853515625 
-0.00424740276424106 -0.19041403952692534 -0.16947005433488965 2 2 121.05307006835938 248.1348876953125 0 126.51960754394531 312.92974853515625 
-0.00424740276424106 -0.19041403952692534 -0.16947005433488965 2 2 121.05307006835938 248.1348876953125 0 126.51960754394531 312.92974853515625 
-0.00424740276424106 -0.19041403952692534 -0.16947005433488965 2 2 121.05307006835938 248.1348876953125 0 126.51960754394531 312.92974853515625 
-0.00424740276424106 -0.19041403952692534 -0.16947005433488965 2 2 121.05307006835938 248.1348876953125 0 126.51960754394531 312.92974853515625 
-0.00424740276424106 -0.19041403952692534 -0.16947005433488965 2 2 121.05307006835938 248.1348876953125 0 126.51960754394531 312.92974853515625 
-0.00424740276424106 -0.19041403952692534 -0.16947005433488965 2 2 121.05307006835938 248.1348876953125 0 126.51960754394531 312.92974853515625 
-0.00424740276424106 -0.19041403952692534 -0.16947005433488965 2 2 121.05307006835938 248.1348876953125 0 126.51960754394531 312.92974853515625 
-0.00424740276424106 -0.19041403952692534 -0.16947005433488965 2 2 121.05307006835938 248.1348876953125 0 126.51960754394531 312.92974853515625 
-0.00424740276424106 -0.19041403952692534 -0.16947005433488965 2 2 121.05307006835938 248.1348876953125 0 126.51960754394531 312.92974853515625 
-0.00424740276424106 -0.19041403952692534 -0.16947005433488965 2 2 121.05307006835938 248.1348876953125 0 126.51960754394531 312.92974853515625 
-0.00424740276424106 -0.19041403952692534 -0.16947005433488965 2 2 121.05307006835938 248.1348876953125 0 126.51960754394531 312.92974853515625 
-0.00424740276424106 -0.19041403952692534 -0.16947005433488965 2 2 121.05307006835938 248.1348876953125 0 126.51960754394531 312.92974853515625 
-0.00424740276424106 -0.19041403952692534 -0.16947005433488965 2 2 121.05307006835938 248.1348876953125 0 126.51960754394531 312.92974853515625 
-0.00424740276424106 -0.19041403952692534 -0.16947005433488965 2 2 121.05307006835938 248.1348876953125 0 126.51960754394531 312.92974853515625 
-0.00424740276424106 -0.19041403952692534 -0.16947005433488965 2 2 121.05307006835938 248.1348876953125 0 126.51960754394531 312.92974853515625 
-0.00424740276424106 -0.19041403952692534 -0.16947005433488965 2 2 121.05307006835938 248.1348876953125 0 126.51960754394531 312.92974853515625 
-0.00424740276424106 -0.19041403952692534 -0.16947005433488965 2 2 121.05307006835938 248.1348876953125 0 126.51960754394531 312.92974853515625 
-0.00424740276424106 -0.19041403952692534 -0.16947005433488965 2 2 121.05307006835938 248.1348876953125 0 126.51960754394531 312.92974853515625 
-0.00424740276424106 -0.19041403952692534 -0.16947005433488965 2 2 121.05307006835938 248.1348876953125 0 126.51960754394531 312.92974853515625 
-0.00424740276424106 -0.19041403952692534 -0.16947005433488965 2 2 121.05307006835938 248.1348876953125 0 126.51960754394531 312.92974853515625 
-0.00424740276424106 -0.19041403952692534 -0.16947005433488965 2 2 121.05307006835938 248.1348876953125 0 126.51960754394531 312.92974853515625 
-0.00424740276424106 -0.19041403952692534 -0.16947005433488965 2 2 121.05307006835938 248.1348876953125 0 126.51960754394531 312.92974853515625 
-0.00424740276424106 -0.19041403952692534 -0.16947005433488965 2 2 121.05307006835938 248.1348876953125 0 126.51960754394531 312.92974853515625 
-0.00424740276424106 -0.19041403952692534 -0.16947005433488965 2 2 121.05307006835938 248.1348876953125 0 126.51960754394531 312.92974853515625 
-0.00424740276424106 -0.19041403952692534 -0.16947005433488965 2 2 121.05307006835938 248.1348876953125 0 126.51960754394531 312.92974853515625 
-0.00424740276424106 -0.19041403952692534 -0.16947005433488965 2 2 121.05307006835938 248.1348876953125 0 126.51960754394531 312.92974853515625 
-0.00424740276424106 -0.19041403952692534 -0.16947005433488965 2 2 121.05307006835938 248.1348876953125 0 126.51960754394531 312.92974853515625 
-0.00424740276424106 -0.19041403952692534 -0.16947005433488965 2 2 121.05307006835938 248.1348876953125 0 126.51960754394531 312.92974853515625 
-0.00424740276424106 -0.19041403952692534 -0.16947005433488965 2 2 121.05307006835938 248.1348876953125 0 126.51960754394531 312.92974853515625 
-0.00424740276424106 -0.19041403952692534 -0.16947005433488965 2 2 121.05307006835938 248.1348876953125 0 126.51960754394531 312.92974853515625 
-0.00424740276424106 -0.19041403952692534 -0.16947005433488965 2 2 121.05307006835938 248.1348876953125 0 126.51960754394531 312.92974853515625 
-0.00424740276424106 -0.19041403952692534 -0.16947005433488965 2 2 121.05307006835938 248.1348876953125 0 126.51960754394531 312.92974853515625 
-0.00424740276424106 -0.19041403952692534 -0.16947005433488965 2 2 121.05307006835938 248.1348876953125 0 126.51960754394531 312.92974853515625 
-0.00424740276424106 -0.19041403952692534 -0.16947005433488965 2 2 121.05307006835938 248.1348876953125 0 126.51960754394531 312.92974853515625 
-0.00424740276424106 -0.19041403952692534 -0.16947005433488965 2 2 121.05307006835938 248.1348876953125 0 126.51960754394531 312.92974853515625 
-0.00424740276424106 -0.19041403952692534 -0.16947005433488965 2 2 121.05307006835938 248.1348876953125 0 126.51960754394531 312.92974853515625 
-0.00424740276424106 -0.19041403952692534 -0.16947005433488965 2 2 121.05307006835938 248.1348876953125 0 126.51960754394531 312.92974853515625 
-0.00424740276424106 -0.19041403952692534 -0.16947005433488965 2 2 121.05307006835938 248.1348876953125 0 126.51960754394531 312.92974853515625 
-0.00424740276424106 -0.19041403952692534 -0.16947005433488965 2 2 121.05307006835938 248.1348876953125 0 126.51960754394531 312.92974853515625 
-0.00424740276424106 -0.19041403952692534 -0.16947005433488965 2 2 121.05307006835938 248.1348876953125 0 126.51960754394531 312.92974853515625 
-0.00424740276424106 -0.19041403952692534 -0.16947005433488965 2 2 121.05307006835938 248.1348876953125 0 126.51960754394531 312.92974853515625 
-0.00424740276424106 -0.19041403952692534 -0.16947005433488965 2 2 121.05307006835938 248.1348876953125 0 126.51960754394531 312.92974853515625 
-0.00424740276424106 -0.19041403952692534 -0.16947005433488965 2 2 121.05307006835938 248.1348876953125 0 126.51960754394531 312.92974853515625 
-0.00424740276424106 -0.19041403952692534 -0.16947005433488965 2 2 121.05307006835938 248.1348876953125 0 126.51960754394531 312.92974853515625 
-0.00424740276424106 -0.19041403952692534 -0.16947005433488965 2 2 121.05307006835938 248.1348876953125 0 126.51960754394531 312.92974853515625 
-0.00424740276424106 -0.19041403952692534 -0.16947005433488965 2 2 121.05307006835938 248.1348876953125 0 126.51960754394531 312.92974853515625 
-0.00424740276424106 -0.19041403952692534 -0.16947005433488965 2 2 121.05307006835938 248.1348876953125 0 126.51960754394531 312.92974853515625 
0.11508083229400111 -0.9025846457605036 -0.4183366399998775 2 2 136.34140014648438 257.8104248046875 1 482.4407653808594 112.53822326660156 
0.11508083229400111 -0.9025846457605036 -0.4183366399998775 2 2 136.34140014648438 257.8104248046875 1 482.4407653808594 112.53822326660156 
0.11508083229400111 -0.9025846457605036 -0.4183366399998775 2 2 136.34140014648438 257.8104248046875 1 482.4407653808594 112.53822326660156 
0.11508083229400111 -0.9025846457605036 -0.4183366399998775 2 2 136.34140014648438 257.8104248046875 1 482.4407653808594 112.53822326660156 
0.11508083229400111 -0.9025846457605036 -0.4183366399998775 2 2 136.34140014648438 257.8104248046875 1 482.4407653808594 112.53822326660156 
0.11508083229400111 -0.9025846457605036 -0.4183366399998775 2 2 136.34140014648438 257.8104248046875 1 482.4407653808594 112.53822326660156 
0.11508083229400111 -0.9025846457605036 -0.4183366399998775 2 2 136.34140014648438 257.8104248046875 1 482.4407653808594 112.53822326660156 
0.11508083229400111 -0.9025846457605036 -0.4183366399998775 2 2 136.34140014648438 257.8104248046875 1 482.4407653808594 112.53822326660156 
0.11508083229400111 -0.9025846457605036 -0.4183366399998775 2 2 136.34140014648438 257.8104248046875 1 482.4407653808594 112.53822326660156 
0.11508083229400111 -0.9025846457605036 -0.4183366399998775 2 2 136.34140014648438 257.8104248046875 1 482.4407653808594 112.53822326660156 
0.11508083229400111 -0.9025846457605036 -0.4183366399998775 2 2 136.34140014648438 257.8104248046875 1 482.4407653808594 112.53822326660156 
0.11508083229400111 -0.9025846457605036 -0.4183366399998775 2 2 136.34140014648438 257.8104248046875 1 482.4407653808594 112.53822326660156 
0.11508083229400111 -0.9025846457605036 -0.4183366399998775 2 2 136.34140014648438 257.8104248046875 1 482.4407653808594 112.53822326660156 
0.11508083229400111 -0.9025846457605036 -0.4183366399998775 2 2 136.34140014648438 257.8104248046875 1 482.4407653808594 112.53822326660156 
0.11508083229400111 -0.9025846457605036 -0.4183366399998775 2 2 136.34140014648438 257.8104248046875 1 482.4407653808594 112.53822326660156 
0.11508083229400111 -0.9025846457605036 -0.4183366399998775 2 2 136.34140014648438 257.8104248046875 1 482.4407653808594 112.53822326660156 
0.11508083229400111 -0.9025846457605036 -0.4183366399998775 2 2 136.34140014648438 257.8104248046875 1 482.4407653808594 112.53822326660156 
0.11508083229400111 -0.9025846457605036 -0.4183366399998775 2 2 136.34140014648438 257.8104248046875 1 482.4407653808594 112.53822326660156 
0.11508083229400111 -0.9025846457605036 -0.4183366399998775 2 2 136.34140014648438 257.8104248046875 1 482.4407653808594 112.53822326660156 
0.11508083229400111 -0.9025846457605036 -0.4183366399998775 2 2 136.34140014648438 257.8104248046875 1 482.4407653808594 112.53822326660156 
0.11508083229400111 -0.9025846457605036 -0.4183366399998775 2 2 136.34140014648438 257.8104248046875 1 482.4407653808594 112.53822326660156 
0.11508083229400111 -0.9025846457605036 -0.4183366399998775 2 2 136.34140014648438 257.8104248046875 1 482.4407653808594 112.53822326660156 
0.11508083229400111 -0.9025846457605036 -0.4183366399998775 2 2 136.34140014648438 257.8104248046875 1 482.4407653808594 112.53822326660156 
